iteration=0
(0,0,0):-1=[0.000]
(0,0,1):-1=[0.000]
(0,0,2):-1=[0.000]
(0,1,0):-1=[0.000]
(0,1,1):-1=[0.000]
(0,1,2):-1=[0.000]
(0,2,0):-1=[0.000]
(0,2,1):-1=[0.000]
(0,2,2):-1=[0.000]
(0,3,0):-1=[0.000]
(0,3,1):-1=[0.000]
(0,3,2):-1=[0.000]
(1,0,0):RECHARGE=[-2.5]
(1,0,1):DODGE=[-2.5]
(1,0,2):DODGE=[-2.5]
(1,1,0):RECHARGE=[-2.5]
(1,1,1):SHOOT=[-2.0]
(1,1,2):SHOOT=[-2.0]
(1,2,0):RECHARGE=[-2.5]
(1,2,1):SHOOT=[-2.0]
(1,2,2):SHOOT=[-2.0]
(1,3,0):RECHARGE=[-2.5]
(1,3,1):SHOOT=[-2.0]
(1,3,2):SHOOT=[-2.0]
(2,0,0):RECHARGE=[-2.5]
(2,0,1):DODGE=[-2.5]
(2,0,2):DODGE=[-2.5]
(2,1,0):RECHARGE=[-2.5]
(2,1,1):SHOOT=[-2.5]
(2,1,2):SHOOT=[-2.5]
(2,2,0):RECHARGE=[-2.5]
(2,2,1):SHOOT=[-2.5]
(2,2,2):SHOOT=[-2.5]
(2,3,0):RECHARGE=[-2.5]
(2,3,1):SHOOT=[-2.5]
(2,3,2):SHOOT=[-2.5]
(3,0,0):RECHARGE=[-2.5]
(3,0,1):DODGE=[-2.5]
(3,0,2):DODGE=[-2.5]
(3,1,0):RECHARGE=[-2.5]
(3,1,1):SHOOT=[-2.5]
(3,1,2):SHOOT=[-2.5]
(3,2,0):RECHARGE=[-2.5]
(3,2,1):SHOOT=[-2.5]
(3,2,2):SHOOT=[-2.5]
(3,3,0):RECHARGE=[-2.5]
(3,3,1):SHOOT=[-2.5]
(3,3,2):SHOOT=[-2.5]
(4,0,0):RECHARGE=[-2.5]
(4,0,1):DODGE=[-2.5]
(4,0,2):DODGE=[-2.5]
(4,1,0):RECHARGE=[-2.5]
(4,1,1):SHOOT=[-2.5]
(4,1,2):SHOOT=[-2.5]
(4,2,0):RECHARGE=[-2.5]
(4,2,1):SHOOT=[-2.5]
(4,2,2):SHOOT=[-2.5]
(4,3,0):RECHARGE=[-2.5]
(4,3,1):SHOOT=[-2.5]
(4,3,2):SHOOT=[-2.5]



iteration=1
(0,0,0):-1=[0.000]
(0,0,1):-1=[0.000]
(0,0,2):-1=[0.000]
(0,1,0):-1=[0.000]
(0,1,1):-1=[0.000]
(0,1,2):-1=[0.000]
(0,2,0):-1=[0.000]
(0,2,1):-1=[0.000]
(0,2,2):-1=[0.000]
(0,3,0):-1=[0.000]
(0,3,1):-1=[0.000]
(0,3,2):-1=[0.000]
(1,0,0):RECHARGE=[-2.75]
(1,0,1):RECHARGE=[-2.75]
(1,0,2):DODGE=[-2.723]
(1,1,0):RECHARGE=[-2.71]
(1,1,1):SHOOT=[-2.138]
(1,1,2):SHOOT=[-2.138]
(1,2,0):RECHARGE=[-2.71]
(1,2,1):SHOOT=[-2.135]
(1,2,2):SHOOT=[-2.107]
(1,3,0):RECHARGE=[-2.71]
(1,3,1):SHOOT=[-2.135]
(1,3,2):SHOOT=[-2.107]
(2,0,0):RECHARGE=[-2.75]
(2,0,1):RECHARGE=[-2.75]
(2,0,2):RECHARGE=[-2.75]
(2,1,0):RECHARGE=[-2.75]
(2,1,1):RECHARGE=[-2.75]
(2,1,2):RECHARGE=[-2.75]
(2,2,0):RECHARGE=[-2.75]
(2,2,1):RECHARGE=[-2.75]
(2,2,2):SHOOT=[-2.744]
(2,3,0):RECHARGE=[-2.75]
(2,3,1):RECHARGE=[-2.75]
(2,3,2):SHOOT=[-2.744]
(3,0,0):RECHARGE=[-2.75]
(3,0,1):RECHARGE=[-2.75]
(3,0,2):RECHARGE=[-2.75]
(3,1,0):RECHARGE=[-2.75]
(3,1,1):RECHARGE=[-2.75]
(3,1,2):RECHARGE=[-2.75]
(3,2,0):RECHARGE=[-2.75]
(3,2,1):RECHARGE=[-2.75]
(3,2,2):RECHARGE=[-2.75]
(3,3,0):RECHARGE=[-2.75]
(3,3,1):RECHARGE=[-2.75]
(3,3,2):RECHARGE=[-2.75]
(4,0,0):RECHARGE=[-2.75]
(4,0,1):RECHARGE=[-2.75]
(4,0,2):RECHARGE=[-2.75]
(4,1,0):RECHARGE=[-2.75]
(4,1,1):RECHARGE=[-2.75]
(4,1,2):RECHARGE=[-2.75]
(4,2,0):RECHARGE=[-2.75]
(4,2,1):RECHARGE=[-2.75]
(4,2,2):RECHARGE=[-2.75]
(4,3,0):RECHARGE=[-2.75]
(4,3,1):RECHARGE=[-2.75]
(4,3,2):RECHARGE=[-2.75]



iteration=2
(0,0,0):-1=[0.000]
(0,0,1):-1=[0.000]
(0,0,2):-1=[0.000]
(0,1,0):-1=[0.000]
(0,1,1):-1=[0.000]
(0,1,2):-1=[0.000]
(0,2,0):-1=[0.000]
(0,2,1):-1=[0.000]
(0,2,2):-1=[0.000]
(0,3,0):-1=[0.000]
(0,3,1):-1=[0.000]
(0,3,2):-1=[0.000]
(1,0,0):RECHARGE=[-2.775]
(1,0,1):DODGE=[-2.772]
(1,0,2):DODGE=[-2.736]
(1,1,0):RECHARGE=[-2.725]
(1,1,1):SHOOT=[-2.139]
(1,1,2):SHOOT=[-2.139]
(1,2,0):RECHARGE=[-2.725]
(1,2,1):SHOOT=[-2.136]
(1,2,2):SHOOT=[-2.107]
(1,3,0):RECHARGE=[-2.725]
(1,3,1):SHOOT=[-2.136]
(1,3,2):SHOOT=[-2.107]
(2,0,0):RECHARGE=[-2.775]
(2,0,1):RECHARGE=[-2.775]
(2,0,2):RECHARGE=[-2.775]
(2,1,0):RECHARGE=[-2.775]
(2,1,1):RECHARGE=[-2.775]
(2,1,2):RECHARGE=[-2.775]
(2,2,0):RECHARGE=[-2.775]
(2,2,1):RECHARGE=[-2.775]
(2,2,2):SHOOT=[-2.746]
(2,3,0):RECHARGE=[-2.775]
(2,3,1):RECHARGE=[-2.775]
(2,3,2):SHOOT=[-2.746]
(3,0,0):RECHARGE=[-2.775]
(3,0,1):RECHARGE=[-2.775]
(3,0,2):RECHARGE=[-2.775]
(3,1,0):RECHARGE=[-2.775]
(3,1,1):RECHARGE=[-2.775]
(3,1,2):RECHARGE=[-2.775]
(3,2,0):RECHARGE=[-2.775]
(3,2,1):RECHARGE=[-2.775]
(3,2,2):RECHARGE=[-2.775]
(3,3,0):RECHARGE=[-2.775]
(3,3,1):RECHARGE=[-2.775]
(3,3,2):RECHARGE=[-2.775]
(4,0,0):RECHARGE=[-2.775]
(4,0,1):RECHARGE=[-2.775]
(4,0,2):RECHARGE=[-2.775]
(4,1,0):RECHARGE=[-2.775]
(4,1,1):RECHARGE=[-2.775]
(4,1,2):RECHARGE=[-2.775]
(4,2,0):RECHARGE=[-2.775]
(4,2,1):RECHARGE=[-2.775]
(4,2,2):RECHARGE=[-2.775]
(4,3,0):RECHARGE=[-2.775]
(4,3,1):RECHARGE=[-2.775]
(4,3,2):RECHARGE=[-2.775]



iteration=3
(0,0,0):-1=[0.000]
(0,0,1):-1=[0.000]
(0,0,2):-1=[0.000]
(0,1,0):-1=[0.000]
(0,1,1):-1=[0.000]
(0,1,2):-1=[0.000]
(0,2,0):-1=[0.000]
(0,2,1):-1=[0.000]
(0,2,2):-1=[0.000]
(0,3,0):-1=[0.000]
(0,3,1):-1=[0.000]
(0,3,2):-1=[0.000]
(1,0,0):RECHARGE=[-2.777]
(1,0,1):DODGE=[-2.774]
(1,0,2):DODGE=[-2.736]
(1,1,0):RECHARGE=[-2.726]
(1,1,1):SHOOT=[-2.139]
(1,1,2):SHOOT=[-2.139]
(1,2,0):RECHARGE=[-2.725]
(1,2,1):SHOOT=[-2.136]
(1,2,2):SHOOT=[-2.107]
(1,3,0):RECHARGE=[-2.725]
(1,3,1):SHOOT=[-2.136]
(1,3,2):SHOOT=[-2.107]
(2,0,0):RECHARGE=[-2.777]
(2,0,1):RECHARGE=[-2.777]
(2,0,2):RECHARGE=[-2.777]
(2,1,0):RECHARGE=[-2.777]
(2,1,1):RECHARGE=[-2.777]
(2,1,2):RECHARGE=[-2.777]
(2,2,0):RECHARGE=[-2.777]
(2,2,1):RECHARGE=[-2.775]
(2,2,2):SHOOT=[-2.746]
(2,3,0):RECHARGE=[-2.777]
(2,3,1):RECHARGE=[-2.775]
(2,3,2):SHOOT=[-2.746]
(3,0,0):RECHARGE=[-2.777]
(3,0,1):RECHARGE=[-2.777]
(3,0,2):RECHARGE=[-2.777]
(3,1,0):RECHARGE=[-2.777]
(3,1,1):RECHARGE=[-2.777]
(3,1,2):RECHARGE=[-2.777]
(3,2,0):RECHARGE=[-2.777]
(3,2,1):RECHARGE=[-2.777]
(3,2,2):RECHARGE=[-2.777]
(3,3,0):RECHARGE=[-2.777]
(3,3,1):RECHARGE=[-2.777]
(3,3,2):RECHARGE=[-2.777]
(4,0,0):RECHARGE=[-2.777]
(4,0,1):RECHARGE=[-2.777]
(4,0,2):RECHARGE=[-2.777]
(4,1,0):RECHARGE=[-2.777]
(4,1,1):RECHARGE=[-2.777]
(4,1,2):RECHARGE=[-2.777]
(4,2,0):RECHARGE=[-2.777]
(4,2,1):RECHARGE=[-2.777]
(4,2,2):RECHARGE=[-2.777]
(4,3,0):RECHARGE=[-2.777]
(4,3,1):RECHARGE=[-2.777]
(4,3,2):RECHARGE=[-2.777]



iteration=4
(0,0,0):-1=[0.000]
(0,0,1):-1=[0.000]
(0,0,2):-1=[0.000]
(0,1,0):-1=[0.000]
(0,1,1):-1=[0.000]
(0,1,2):-1=[0.000]
(0,2,0):-1=[0.000]
(0,2,1):-1=[0.000]
(0,2,2):-1=[0.000]
(0,3,0):-1=[0.000]
(0,3,1):-1=[0.000]
(0,3,2):-1=[0.000]
(1,0,0):RECHARGE=[-2.777]
(1,0,1):DODGE=[-2.774]
(1,0,2):DODGE=[-2.736]
(1,1,0):RECHARGE=[-2.726]
(1,1,1):SHOOT=[-2.139]
(1,1,2):SHOOT=[-2.139]
(1,2,0):RECHARGE=[-2.725]
(1,2,1):SHOOT=[-2.136]
(1,2,2):SHOOT=[-2.107]
(1,3,0):RECHARGE=[-2.725]
(1,3,1):SHOOT=[-2.136]
(1,3,2):SHOOT=[-2.107]
(2,0,0):RECHARGE=[-2.778]
(2,0,1):RECHARGE=[-2.778]
(2,0,2):RECHARGE=[-2.778]
(2,1,0):RECHARGE=[-2.778]
(2,1,1):RECHARGE=[-2.778]
(2,1,2):SHOOT=[-2.778]
(2,2,0):RECHARGE=[-2.778]
(2,2,1):RECHARGE=[-2.775]
(2,2,2):SHOOT=[-2.746]
(2,3,0):RECHARGE=[-2.778]
(2,3,1):RECHARGE=[-2.775]
(2,3,2):SHOOT=[-2.746]
(3,0,0):RECHARGE=[-2.778]
(3,0,1):RECHARGE=[-2.778]
(3,0,2):RECHARGE=[-2.778]
(3,1,0):RECHARGE=[-2.778]
(3,1,1):RECHARGE=[-2.778]
(3,1,2):RECHARGE=[-2.778]
(3,2,0):RECHARGE=[-2.778]
(3,2,1):RECHARGE=[-2.778]
(3,2,2):RECHARGE=[-2.778]
(3,3,0):RECHARGE=[-2.778]
(3,3,1):RECHARGE=[-2.778]
(3,3,2):SHOOT=[-2.778]
(4,0,0):RECHARGE=[-2.778]
(4,0,1):RECHARGE=[-2.778]
(4,0,2):RECHARGE=[-2.778]
(4,1,0):RECHARGE=[-2.778]
(4,1,1):RECHARGE=[-2.778]
(4,1,2):RECHARGE=[-2.778]
(4,2,0):RECHARGE=[-2.778]
(4,2,1):RECHARGE=[-2.778]
(4,2,2):RECHARGE=[-2.778]
(4,3,0):RECHARGE=[-2.778]
(4,3,1):RECHARGE=[-2.778]
(4,3,2):RECHARGE=[-2.778]
